,City,Country,Date,Latitude,Longitude,Max Temperature,Humidity,Cloudiness,Wind Speed
0,Pathein,MM,1651280462,16.7833,94.7333,85.44,66,76,7.61
1,Concepción del Uruguay,AR,1651280462,-32.4825,-58.2372,51.98,72,0,6.64
2,Qaanaaq,GL,1651280380,77.484,-69.3632,8.2,70,19,6.4
3,Port Alfred,ZA,1651280381,-33.5906,26.891,58.17,79,45,5.99
4,Snezhnogorsk,RU,1651280464,69.1933,33.2531,24.58,82,100,20.07
5,Avarua,CK,1651280381,-21.2078,-159.775,84.25,74,20,16.11
6,Cape Town,ZA,1651280362,-33.9258,18.4232,58.12,91,75,5.75
7,Yaan,NG,1651280465,7.3833,8.5667,77.32,75,99,4.36
8,Hobart,AU,1651280106,-42.8794,147.3294,59.05,60,75,17.27
9,Albany,US,1651280116,42.6001,-73.9662,49.17,30,0,9.6
10,Lebu,CL,1651280370,-37.6167,-73.65,49.91,75,0,16.69
11,Palana,RU,1651280465,59.1167,159.9667,30.45,75,5,8.25
12,Raymond,US,1651280466,43.9015,-70.4703,45.28,53,73,10.76
13,Lüderitz,NA,1651280407,-26.6481,15.1594,55.09,75,0,13.6
14,Harar,ET,1651280467,9.3094,42.1258,58.84,85,83,2.17
15,Touba,CI,1651280467,8.2833,-7.6833,78.01,59,100,2.66
16,Pangnirtung,CA,1651280468,66.1451,-65.7125,1.2,98,17,6.53
17,Salinas,US,1651280431,36.6777,-121.6555,76.57,51,0,5.1
18,Hermanus,ZA,1651280382,-34.4187,19.2345,59.81,83,41,7.47
19,Upernavik,GL,1651280449,72.7868,-56.1549,12.36,91,100,34.47
20,Goundi,TD,1651280469,9.3627,17.366,83.46,49,100,4.68
21,Ushuaia,AR,1651280392,-54.8,-68.3,34.9,93,44,1.59
22,Saint Anthony,US,1651280470,45.0205,-93.218,56.25,83,100,14.97
23,Tongchuanshi,CN,1651280470,35.0806,109.0897,55.42,34,100,18.48
24,Bambous Virieux,MU,1651280471,-20.3428,57.7575,73.22,72,11,9.28
25,Soyo,AO,1651280471,-6.1349,12.3689,76.15,93,100,8.84
26,Kavieng,PG,1651280399,-2.5744,150.7967,85.17,67,99,2.93
27,Nome,US,1651280472,64.5011,-165.4064,42.17,70,99,14.27
28,Bengkulu,ID,1651280360,-3.8004,102.2655,78.85,82,12,3.29
29,Saskylakh,RU,1651280411,71.9167,114.0833,33.84,100,100,8.55
30,Arman',RU,1651280472,59.7,150.1667,38.62,59,11,7.9
31,Dikson,RU,1651280430,73.5069,80.5464,12.0,94,100,20.76
32,Kapoeta,SS,1651280430,4.7717,33.5903,75.6,71,100,6.96
33,Rikitea,PF,1651280393,-23.1203,-134.9692,76.96,70,100,17.76
34,Ketchikan,US,1651280473,55.3422,-131.6461,50.59,54,17,4.65
35,Bredasdorp,ZA,1651280368,-34.5322,20.0403,55.6,85,29,7.78
36,Chicama,PE,1651280474,-7.8447,-79.1469,69.69,75,98,3.89
37,Richards Bay,ZA,1651280474,-28.783,32.0377,71.91,82,99,15.93
38,Mataura,NZ,1651280366,-46.1927,168.8643,62.47,59,90,3.09
39,Chumikan,RU,1651280476,54.7183,135.315,36.36,69,85,2.21
40,Oktyabr'skoye,RU,1651280476,43.0645,44.7417,53.74,100,54,4.47
41,Punta Arenas,CL,1651280092,-53.15,-70.9167,33.91,86,0,5.75
42,Mount Gambier,AU,1651280435,-37.8333,140.7667,60.66,51,72,12.44
43,Omutninsk,RU,1651280477,58.67,52.1932,29.88,67,91,5.88
44,Hilo,US,1651280424,19.7297,-155.09,79.29,82,100,13.8
45,Vaini,TO,1651280418,-21.2,-175.2,78.69,84,100,22.95
46,Esperance,AU,1651280447,-33.8667,121.9,61.05,71,26,9.1
47,Atuona,PF,1651280434,-9.8,-139.0333,79.14,74,100,17.11
48,Dombarovskiy,RU,1651280478,50.7587,59.5386,50.25,68,98,8.55
49,Mahébourg,MU,1651280397,-20.4081,57.7,73.69,83,40,8.05
50,Puerto Ayora,EC,1651280365,-0.7393,-90.3518,71.65,92,65,7.29
51,Sibolga,ID,1651280479,1.7427,98.7792,79.65,83,80,1.57
52,San Juan,AR,1651280199,-31.5375,-68.5364,54.7,33,0,5.14
53,Pisco,PE,1651280480,-13.7,-76.2167,66.02,87,15,2.98
54,Inhambane,MZ,1651280481,-23.865,35.3833,68.86,80,0,5.06
55,Barrow,US,1651280481,71.2906,-156.7887,15.82,79,100,14.97
56,Flin Flon,CA,1651280427,54.7682,-101.865,44.78,92,11,1.99
57,Zyryanka,RU,1651280482,65.75,150.85,24.53,80,91,3.51
58,Vila Franca do Campo,PT,1651280483,37.7167,-25.4333,67.19,95,35,8.57
59,St. Pete Beach,US,1651280417,27.7253,-82.7412,73.45,79,100,6.91
60,Jamestown,US,1651280189,42.097,-79.2353,40.71,72,0,3.67
61,Port-Gentil,GA,1651280484,-0.7193,8.7815,80.31,81,100,2.37
62,Nikolskoye,RU,1651280375,59.7035,30.7861,33.71,90,21,5.12
63,Arraial do Cabo,BR,1651280147,-22.9661,-42.0278,75.88,85,6,6.87
64,Yenagoa,NG,1651280440,4.9247,6.2642,76.24,91,96,1.19
65,Cabo San Lucas,MX,1651280306,22.8909,-109.9124,79.05,56,4,16.02
66,Province of Mantua,IT,1651280485,45.1667,10.7833,52.41,76,70,2.84
67,Abu Dhabi,AE,1651280486,24.4667,54.3667,80.96,76,87,17.87
68,Port Lincoln,AU,1651280449,-34.7333,135.8667,64.02,54,52,12.71
69,Port Elizabeth,ZA,1651280377,-33.918,25.5701,62.31,76,0,10.36
70,Yurimaguas,PE,1651280486,-5.9,-76.0833,73.45,97,100,2.08
71,Saint Paul,US,1651280487,44.9444,-93.0933,56.88,85,100,14.97
72,Salalah,OM,1651280404,17.0151,54.0924,81.52,82,69,3.18
73,Yellowknife,CA,1651280456,62.456,-114.3525,35.56,51,11,5.99
74,Butaritari,KI,1651280420,3.0707,172.7902,81.43,76,68,10.65
75,Aiquile,BO,1651280489,-18.2041,-65.1807,55.6,91,88,3.62
76,Saint George,US,1651280428,37.1041,-113.5841,77.63,13,0,16.11
77,Hamilton,US,1651280220,39.1834,-84.5333,67.42,47,100,7.34
78,Castro,BR,1651280422,-24.7911,-50.0119,58.12,96,99,8.77
79,Pevek,RU,1651280372,69.7008,170.3133,18.97,84,100,10.76
80,Boshnyakovo,RU,1651280489,49.6333,142.1667,32.4,75,100,9.91
81,Lavrentiya,RU,1651280490,65.5833,-171.0,32.63,93,98,7.34
82,Mar del Plata,AR,1651280409,-38.0023,-57.5575,49.87,64,19,7.0
83,Coyhaique,CL,1651280215,-45.5752,-72.0662,39.15,75,40,0.0
84,Ryabovo,RU,1651280491,59.4,31.1333,27.91,84,74,5.35
85,Tam Ky,VN,1651280491,15.5667,108.4833,79.12,82,100,2.26
86,Seoul,KR,1651280400,37.5683,126.9778,56.77,56,0,5.75
87,São Filipe,CV,1651280394,14.8961,-24.4956,71.8,69,22,13.89
88,Bonito,BR,1651280492,-21.1211,-56.4819,74.48,49,27,1.3
89,Coahuayana Viejo,MX,1651280492,18.7333,-103.6833,77.77,67,0,4.56
90,Kajaani,FI,1651280263,64.2273,27.7285,24.85,58,0,8.05
91,New Norfolk,AU,1651280396,-42.7826,147.0587,58.71,62,49,3.0
92,Hithadhoo,MV,1651280386,-0.6,73.0833,84.83,72,32,9.22
93,Havre-St-Pierre,CA,1651280494,50.2334,-63.5986,34.16,93,100,16.11
94,Ribeira Grande,PT,1651280436,38.5167,-28.7,62.15,87,9,16.75
95,Saint-Philippe,RE,1651280369,-21.3585,55.7679,74.79,84,49,15.12
96,Auki,SB,1651280496,-8.7676,160.7034,86.34,63,94,2.55
97,George Town,MY,1651280415,5.4112,100.3354,82.33,83,20,2.3
98,Baykit,RU,1651280496,61.67,96.37,46.6,78,39,11.7
99,Busselton,AU,1651280373,-33.65,115.3333,60.22,70,0,4.54
100,Alugan,PH,1651280497,12.2188,125.4808,82.47,79,100,7.16
101,Bluff,NZ,1651280497,-46.6,168.3333,64.8,71,99,7.78
102,Chokurdakh,RU,1651280440,70.6333,147.9167,18.32,90,16,10.02
103,Jumla,NP,1651280498,29.2747,82.1838,56.77,54,30,2.73
104,Dhidhdhoo,MV,1651280498,6.8833,73.1,85.62,72,38,10.87
105,Mier,MX,1651280499,26.4333,-99.15,83.12,63,0,22.5
106,Dul'durga,RU,1651280500,50.6761,113.5931,42.93,35,97,10.98
107,Qandala,SO,1651280500,11.472,49.8728,84.92,66,70,4.09
108,Phang Nga,TH,1651280501,8.4509,98.5298,80.64,92,100,1.1
109,Huarmey,PE,1651280501,-10.0681,-78.1522,68.72,82,58,7.7
110,Kenai,US,1651280502,60.5544,-151.2583,53.02,66,52,11.5
111,Āreka,ET,1651280502,7.0667,37.7,60.53,88,38,2.33
112,Kapaa,US,1651280377,22.0752,-159.319,82.38,78,8,8.99
113,Clyde River,CA,1651280503,70.4692,-68.5914,7.59,89,92,3.38
114,Madang,PG,1651280503,-5.2246,145.7966,87.64,61,88,2.04
115,Lompoc,US,1651280468,34.6391,-120.4579,75.85,66,2,27.0
116,San Cristobal,VE,1651280504,7.7669,-72.225,67.19,97,69,3.33
117,Lebyazh'ye,RU,1651280504,55.2689,66.4947,40.89,67,38,13.02
118,Leningradskiy,RU,1651280384,69.3833,178.4167,21.72,87,98,17.07
119,Kagoro,NG,1651280505,9.6,8.3833,72.91,74,100,2.86
120,Kaitangata,NZ,1651280506,-46.2817,169.8464,59.68,60,92,2.53
121,Honiara,SB,1651280506,-9.4333,159.95,86.25,66,100,2.66
122,Nipawin,CA,1651280458,53.3668,-104.0009,51.84,62,100,13.8
123,Nouadhibou,MR,1651280507,20.931,-17.0347,64.72,84,27,20.31
124,Irecê,BR,1651280508,-11.3042,-41.8558,72.21,64,100,11.77
125,Chapais,CA,1651280508,49.7834,-74.8492,28.4,92,9,5.41
126,Kruisfontein,ZA,1651280509,-34.0033,24.7314,58.89,80,29,12.95
127,Hong Kong,HK,1651280240,22.2855,114.1577,82.45,89,100,8.99
128,Tasiilaq,GL,1651280510,65.6145,-37.6368,28.99,88,46,8.48
129,Esil,KZ,1651280510,51.9556,66.4042,57.83,48,24,2.75
130,Kaolinovo,BG,1651280510,43.6167,27.1167,46.02,97,26,7.02
131,Caravelas,BR,1651280511,-17.7125,-39.2481,74.52,83,0,2.75
132,Bagnols-sur-Cèze,FR,1651280512,44.1599,4.6178,61.95,57,0,8.05
133,Petropavlovsk-Kamchatskiy,RU,1651280512,53.0452,158.6483,41.59,70,40,15.66
134,Cayenne,GF,1651280268,4.9333,-52.3333,82.09,1,40,8.05
135,Monroe,US,1651280513,43.1501,-77.6831,46.69,49,4,6.04
136,East London,ZA,1651280364,-33.0153,27.9116,62.8,67,10,15.64
137,Luanda,AO,1651280437,-8.8368,13.2343,75.92,92,100,5.06
138,Sur,OM,1651280514,22.5667,59.5289,88.84,42,0,8.66
139,Provideniya,RU,1651280371,64.3833,-173.3,34.39,91,98,15.01
140,Porto Walter,BR,1651280514,-8.2686,-72.7439,72.99,97,100,1.52
141,Camaná,PE,1651280515,-16.6228,-72.7111,66.99,85,49,8.99
142,Khatanga,RU,1651280380,71.9667,102.5,16.43,92,95,14.76
143,Otavi,NA,1651280516,-19.65,17.3333,64.76,47,36,4.25
144,Dovolnoye,RU,1651280516,54.4958,79.6671,59.72,40,100,8.86
145,Navalmoral de la Mata,ES,1651280517,39.8916,-5.5406,62.96,61,12,1.97
146,Okha,RU,1651280367,53.5739,142.9478,33.21,96,100,11.16
147,Henties Bay,NA,1651280517,-22.116,14.2845,60.57,81,0,6.73
148,Faanui,PF,1651280375,-16.4833,-151.75,81.01,73,18,17.07
149,Khāsh,IR,1651280518,28.2211,61.2158,68.72,20,6,3.33
150,Pangody,RU,1651280302,65.85,74.4859,15.19,88,22,11.01
151,Opuwo,NA,1651280429,-18.0607,13.84,71.65,45,84,5.19
152,Traunstein,DE,1651280519,47.8833,12.65,46.49,70,100,2.37
153,Lorengau,PG,1651280519,-2.0226,147.2712,85.62,67,89,4.29
154,Shetpe,KZ,1651280520,44.1667,52.1167,63.88,51,100,6.62
155,Tuktoyaktuk,CA,1651280419,69.4541,-133.0374,32.65,85,99,11.39
156,Verkhnevilyuysk,RU,1651280521,63.4453,120.3167,41.2,75,22,10.16
157,Trelew,AR,1651280521,-43.249,-65.3051,46.85,50,23,8.61
158,Ambovombe,MG,1651280522,-25.1667,46.0833,64.18,80,0,6.17
159,Cabra,ES,1651280522,37.4725,-4.4421,53.87,71,1,4.07
160,Pacifica,US,1651280434,37.6138,-122.4869,71.44,65,0,16.11
161,Cherskiy,RU,1651280523,68.75,161.3,13.69,89,100,7.05
162,Bonavista,CA,1651280523,48.6499,-53.1147,34.86,99,100,9.57
163,Ponta do Sol,PT,1651280400,32.6667,-17.1,63.72,63,30,2.13
164,Ahipara,NZ,1651280525,-35.1667,173.1667,68.95,61,24,9.89
165,Vardø,NO,1651280382,70.3705,31.1107,28.58,71,100,23.47
166,Cotonou,BJ,1651280416,6.3654,2.4183,81.19,80,76,6.55
167,Nesna,NO,1651280526,66.1967,13.0213,37.67,79,100,11.61
168,Antofagasta,CL,1651280526,-23.65,-70.4,61.59,82,100,4.41
169,Nogliki,RU,1651280527,51.8333,143.1667,32.77,98,100,13.96
170,Tamiahua,MX,1651280527,21.2667,-97.45,77.4,88,3,12.26
171,Filingué,NE,1651280528,14.3521,3.3168,89.35,9,99,5.93
172,Buraidah,SA,1651280528,26.326,43.975,74.26,37,0,6.8
173,Bathsheba,BB,1651280529,13.2167,-59.5167,79.59,84,74,14.12
174,Westport,US,1651280529,41.1415,-73.3579,55.74,22,0,10.76
175,Mizdah,LY,1651280530,31.4451,12.9801,55.87,75,31,11.68
176,Rosetta,EG,1651280531,31.4044,30.4164,67.33,58,100,9.31
177,Iranshahr,IR,1651280531,27.2025,60.6848,78.4,28,22,3.62
178,Orán,AR,1651280532,-23.1322,-64.326,58.19,94,100,0.85
179,Norman Wells,CA,1651280532,65.282,-126.8329,44.71,66,67,7.83
180,Mankāpur,IN,1651280533,27.0333,82.2333,85.15,23,69,9.19
181,Erzin,TR,1651280533,36.9559,36.2,67.89,54,100,6.73
182,Sitka,US,1651280369,57.0531,-135.33,46.45,73,100,2.73
183,Torbay,CA,1651280434,47.6666,-52.7314,39.88,96,100,2.3
184,Genhe,CN,1651280534,50.7833,121.5167,38.43,38,11,8.81
185,Saint-Augustin,CA,1651280535,51.226,-58.6502,35.78,87,100,20.54
186,Anori,BR,1651280535,-3.7728,-61.6442,73.9,96,100,2.93
187,Geraldton,AU,1651280400,-28.7667,114.6,64.81,55,0,17.27
188,Najrān,SA,1651280536,17.4924,44.1277,72.01,51,9,1.81
189,Tautira,PF,1651280537,-17.7333,-149.15,79.83,76,19,19.55
190,Lata,PT,1651280538,40.1629,-8.3327,57.07,72,0,2.39
191,Upata,VE,1651280538,8.0086,-62.3989,75.2,81,53,5.82
192,Port Hardy,CA,1651280539,50.6996,-127.4199,51.98,62,100,24.16
193,Srednekolymsk,RU,1651280539,67.45,153.6833,20.25,77,97,3.06
194,Alice Springs,AU,1651280448,-23.7,133.8833,69.22,32,100,12.66
195,Florence,IT,1651280540,43.7667,11.25,55.89,60,0,3.44
196,Conceição do Araguaia,BR,1651280540,-8.2578,-49.2647,79.88,69,100,2.46
197,Sidrolândia,BR,1651280399,-20.9319,-54.9614,78.21,46,99,5.3
198,Amahai,ID,1651280541,-3.3333,128.9167,84.42,67,100,1.41
199,Khuzhir,RU,1651280541,53.1939,107.3397,36.18,95,100,8.16
200,Yantai,CN,1651280414,37.5333,121.4,51.57,59,100,19.1
201,Zverinogolovskoye,RU,1651280543,54.4586,64.8542,43.61,62,93,15.79
202,Bad Salzdetfurth,DE,1651280543,52.0578,10.0058,48.7,79,100,5.1
203,Linda,US,1651280544,39.1277,-121.5508,80.15,16,0,6.91
204,Vostok,RU,1651280544,46.4856,135.8833,50.4,27,100,4.0
205,Fairhope,US,1651280061,30.523,-87.9033,72.68,49,87,10.0
206,Ancud,CL,1651280545,-41.8697,-73.8203,43.81,80,100,2.64
207,Kropotkin,RU,1651280546,45.4375,40.5756,51.31,85,6,9.69
208,São Gabriel,BR,1651280546,-30.3364,-54.32,49.44,74,0,7.92
209,Thinadhoo,MV,1651280547,0.5333,72.9333,85.3,68,99,10.42
210,Tobermory,CA,1651280547,45.2501,-81.6665,39.51,63,3,2.44
211,Coquimbo,CL,1651280516,-29.9533,-71.3436,57.45,85,6,2.71
212,Sayyan,YE,1651280549,15.1718,44.3244,59.77,59,2,1.83
213,Celestún,MX,1651280550,20.8667,-90.4,79.77,75,14,11.95
214,Touros,BR,1651280550,-5.1989,-35.4608,77.09,78,100,10.54
215,Okhotsk,RU,1651280376,59.3833,143.3,37.45,75,96,9.19
216,Zhezkazgan,KZ,1651280551,47.8043,67.7144,59.18,46,4,6.42
217,Los Llanos de Aridane,ES,1651280551,28.6585,-17.9182,60.55,92,75,11.5
218,Klaksvík,FO,1651280552,62.2266,-6.589,45.52,76,100,8.21
219,Jutaí,BR,1651280552,-5.1833,-68.9,71.55,98,100,1.36
220,Kapiri Mposhi,ZM,1651280553,-13.9652,28.6809,54.81,92,5,3.67
221,Ilulissat,GL,1651280444,69.2167,-51.1,19.42,73,100,26.46
222,Saquena,PE,1651280554,-4.6667,-73.5167,73.26,98,100,0.67
223,Husavik,IS,1651280438,66.0449,-17.3389,44.24,77,34,4.76
224,Szentistván,HU,1651280555,47.7667,20.6667,47.43,79,38,6.85
225,Carnarvon,AU,1651280555,-24.8667,113.6333,74.7,44,0,19.04
226,Margate,GB,1651280531,51.3813,1.3862,46.87,74,43,5.01
227,Vestmannaeyjar,IS,1651280556,63.4427,-20.2734,47.05,81,7,11.25
228,Korla,CN,1651280556,41.7597,86.1469,55.99,39,0,2.98
229,Fairbanks,US,1651280550,64.8378,-147.7164,55.81,30,49,1.01
230,Aubenas,FR,1651280557,44.6201,4.3899,57.16,83,66,5.03
231,San Angelo,US,1651280348,31.4638,-100.437,83.25,14,0,8.61
232,Deputatsky,RU,1651280557,69.3,139.9,18.21,80,22,2.73
233,Teya,RU,1651280558,60.3778,92.6267,44.47,95,98,5.75
234,Khorramshahr,IR,1651280558,30.4397,48.1664,71.55,58,21,1.97
235,Olafsvik,IS,1651280559,64.8945,-23.7142,43.88,91,22,7.61
236,Forsytheganj,BY,1651280559,52.6333,29.7333,41.2,77,100,4.38
237,Castleblayney,IE,1651280560,54.1167,-6.7333,41.36,76,100,4.16
238,Lewistown,US,1651280560,40.5992,-77.5714,56.14,25,0,6.91
239,Bethel,US,1651280561,41.3712,-73.414,54.48,48,0,6.51
240,Redcar,GB,1651280561,54.6166,-1.06,43.54,58,15,4.0
241,Puerto Escondido,MX,1651280562,15.85,-97.0667,83.66,68,25,7.18
242,Misawa,JP,1651280562,40.6836,141.3597,51.62,42,0,9.98
243,Avera,US,1651280436,33.194,-82.5271,71.11,50,34,7.45
244,Krāslava,LV,1651280563,55.8951,27.168,31.03,78,22,3.87
245,Mandan,US,1651280318,46.8267,-100.8896,42.37,92,100,16.11
246,Paragould,US,1651280452,36.0584,-90.4973,78.58,63,95,10.76
247,Bereket,TM,1651280564,39.2446,55.5154,71.17,66,100,5.79
248,Vila Velha,BR,1651280377,-20.3297,-40.2925,75.94,91,0,4.61
249,Rocha,UY,1651280564,-34.4833,-54.3333,45.95,79,0,3.89
250,Aktash,RU,1651280565,50.3,87.7333,36.9,36,94,4.85
251,Kaeo,NZ,1651280565,-35.1,173.7833,65.32,91,45,12.46
252,Am Timan,TD,1651280565,11.0297,20.2827,86.74,38,100,8.61
253,Rassvet,RU,1651280566,46.8333,40.75,54.34,86,100,2.68
254,Marakkanam,IN,1651280567,12.2,79.95,83.64,80,84,11.72
255,La Maddalena,IT,1651280567,41.2142,9.4083,48.25,62,0,6.4
256,Eyl,SO,1651280568,7.9803,49.8164,82.63,77,92,5.82
257,Tornio,FI,1651280568,65.8481,24.1466,32.02,98,100,4.83
258,Prince Rupert,CA,1651280569,54.3161,-130.3201,50.09,71,100,5.75
259,Manama,BH,1651280569,26.2154,50.5832,76.98,65,0,6.91
260,Cap Malheureux,MU,1651280371,-19.9842,57.6142,73.47,74,6,1.99
261,Kalabo,ZM,1651280570,-14.97,22.6814,59.81,66,5,4.59
262,Belaya Gora,RU,1651280570,68.5333,146.4167,22.12,83,78,5.88
263,Ucluelet,CA,1651280571,48.9329,-125.5528,49.08,85,100,15.1
264,Te Anau,NZ,1651280450,-45.4167,167.7167,58.57,76,99,5.7
265,Poum,NC,1651280432,-20.2333,164.0167,77.07,70,49,9.91
266,Chara,RU,1651280572,56.9064,118.2631,31.62,50,73,3.33
267,Isangel,VU,1651280452,-19.55,169.2667,78.4,78,95,22.82
268,Blagodatnoye,RU,1651280573,45.3997,42.5867,49.12,85,3,6.69
269,Abu Kamal,SY,1651280573,34.4506,40.9171,73.98,38,6,11.68
270,Basavana Bāgevādi,IN,1651280574,16.5833,75.9667,83.17,52,12,10.56
271,Hokitika,NZ,1651280574,-42.7167,170.9667,59.68,69,100,4.99
272,Pula,HR,1651280575,44.8683,13.8481,54.16,50,0,9.22
273,San Rafael,AR,1651280445,-34.6177,-68.3301,51.82,35,0,6.35
274,Muswellbrook,AU,1651280575,-32.2667,150.9,64.33,95,100,3.71
275,Nizhnevartovsk,RU,1651280576,60.9344,76.5531,32.02,80,100,2.24
276,Shimoda,JP,1651280576,34.6667,138.95,54.1,73,99,15.88
277,Taltal,CL,1651280474,-25.4,-70.4833,62.35,77,100,4.03
278,Šalčininkai,LT,1651280577,54.3,25.3833,35.69,63,51,3.94
279,Gushikawa,JP,1651280577,26.3544,127.8686,73.4,78,100,8.05
280,Agadez,NE,1651280578,19.75,10.25,83.3,7,100,1.81
281,Port Blair,IN,1651280579,11.6667,92.75,83.64,74,100,3.27
282,Chui,UY,1651280579,-33.6971,-53.4616,51.28,75,14,3.56
283,Ust-Maya,RU,1651280580,60.4167,134.5333,35.26,62,44,4.12
284,Severo-Kuril'sk,RU,1651280374,50.6789,156.125,35.94,88,77,9.48
285,Dukat,RU,1651280580,62.55,155.55,24.75,87,100,8.23
286,Changde,CN,1651280581,29.0464,111.6783,56.86,91,100,5.08
287,Ust'-Kulom,RU,1651280581,61.6864,53.6902,27.66,82,26,7.23
288,Sindgi,IN,1651280582,16.9167,76.2333,87.42,36,11,10.76
289,Kawalu,ID,1651280582,-7.3817,108.2082,78.84,83,24,0.25
290,Fortuna,US,1651280379,40.5982,-124.1573,60.93,55,20,11.5
291,Saldanha,ZA,1651280583,-33.0117,17.9442,59.31,83,96,6.96
292,Saint-François,FR,1651280584,46.4154,3.9054,44.04,93,100,0.0
293,Sysert',RU,1651280585,56.4953,60.8192,24.78,63,8,3.53
294,Katangli,RU,1651280585,51.7102,143.2326,32.45,99,100,13.18
295,Tehuacán,MX,1651280458,18.45,-97.3833,74.68,53,100,5.73
296,Road Town,VG,1651280193,18.4167,-64.6167,78.84,73,75,12.66
297,Tiksi,RU,1651280368,71.6872,128.8694,27.91,78,100,12.12
298,Alofi,NU,1651280379,-19.0595,-169.9187,84.09,74,88,13.8
299,Makakilo City,US,1651280367,21.3469,-158.0858,77.61,68,90,18.39
300,Elliot,ZA,1651280586,-31.3333,27.85,44.42,89,8,0.49
301,Laguna,US,1651280587,38.421,-121.4238,80.89,16,0,9.22
302,Rio Grande,BR,1651280339,-32.035,-52.0986,45.95,68,0,4.85
303,Mount Isa,AU,1651280453,-20.7333,139.5,83.97,39,7,14.97
304,Hobyo,SO,1651280415,5.3505,48.5268,83.32,76,16,7.52
305,Portland,US,1651279819,45.5234,-122.6762,59.27,67,100,10.36
306,Sola,VU,1651280588,-13.8833,167.55,81.34,74,100,6.22
307,Mossamedes,AO,1651280396,-15.1961,12.1522,72.97,74,9,3.71
308,Cartagena,CO,1651280560,10.3997,-75.5144,81.01,84,100,15.68
309,Ola,RU,1651280589,59.5833,151.2833,38.44,57,9,10.56
310,Taganak,PH,1651280589,6.0833,118.3,81.39,79,100,5.03
311,Puerto Nariño,CO,1651280590,-3.7703,-70.3831,72.12,99,100,2.01
312,São Geraldo do Araguaia,BR,1651280590,-6.4006,-48.555,76.32,90,100,1.68
313,Hailey,US,1651280516,43.5196,-114.3153,47.98,47,61,5.06
314,Shelburne,CA,1651280427,44.0787,-80.2041,33.78,68,4,5.37
315,Port Keats,AU,1651280592,-14.25,129.55,86.68,65,79,4.99
316,Zharkovskiy,RU,1651280592,55.849,32.2697,28.29,68,32,3.53
317,Rawson,AR,1651280460,-43.3002,-65.1023,48.54,50,17,10.2
318,Lincoln,US,1651280593,40.8,-96.667,65.34,88,100,15.01
319,Kisangani,CD,1651280593,0.5167,25.2,69.98,97,100,2.3
320,Kuril'sk,RU,1651280594,45.2333,147.8833,35.55,68,100,13.24
321,West Bay,KY,1651280594,19.3667,-81.4167,80.08,76,0,1.99
322,Faya,SA,1651280457,18.3851,42.4509,64.36,54,53,3.85
323,Havelock,US,1651280404,34.8791,-76.9013,63.95,71,51,1.01
324,Turbat,PK,1651280595,26.0023,63.044,85.42,33,6,3.42
325,Nadym,RU,1651280595,65.5333,72.5167,17.91,84,14,13.73
326,Bac Lieu,VN,1651280596,9.285,105.7244,81.1,74,100,0.58
327,San Andrés,CO,1651280419,12.5847,-81.7006,80.82,76,100,15.17
328,Beyneu,KZ,1651280598,45.3167,55.2,68.4,23,100,12.06
329,Berzence,HU,1651280598,46.2091,17.1481,50.09,65,54,5.95
330,Camopi,GF,1651280486,3.1655,-52.3158,71.74,99,47,2.57
331,Tabou,CI,1651280599,4.423,-7.3528,80.4,84,14,6.69
332,Kemijärvi,FI,1651280599,66.7131,27.4306,23.72,87,95,1.74
333,Smithers,CA,1651280423,54.7804,-127.1743,53.64,29,54,3.33
334,Narsaq,GL,1651280600,60.9167,-46.05,43.02,81,100,1.63
335,Freetown,SL,1651280071,8.484,-13.2299,79.81,83,95,4.09
336,Corralillo,CU,1651280600,22.9819,-80.5856,75.06,62,0,14.27
337,Camaquã,BR,1651280601,-30.8511,-51.8122,50.94,87,0,1.12
338,Thompson,CA,1651280367,55.7435,-97.8558,53.76,40,75,2.3
339,Puerto Suárez,BO,1651280601,-18.95,-57.8,78.67,68,100,6.51
340,Kudahuvadhoo,MV,1651280603,2.6708,72.8944,85.24,73,100,12.68
341,Araouane,ML,1651280603,18.9048,-3.5265,78.8,7,0,7.9
342,Mandalgovi,MN,1651280604,45.7625,106.2708,41.63,30,13,15.3
343,Acarí,PE,1651280604,-15.4311,-74.6158,71.58,75,94,4.16
344,Isla Mujeres,MX,1651280605,21.2311,-86.731,80.17,69,0,14.09
345,Kumul,CN,1651280372,42.8,93.45,59.95,15,4,8.37
346,Molėtai,LT,1651280606,55.2333,25.4167,32.94,63,24,1.48
347,Yigou,CN,1651280606,35.8114,114.3167,59.99,34,100,19.44
348,Saint-Pierre,RE,1651280607,-21.3393,55.4781,74.88,77,0,6.91
349,Ranong,TH,1651280607,9.9658,98.6348,81.66,84,100,0.89
350,Camacupa,AO,1651280608,-12.0167,17.4833,57.9,77,10,3.6
351,Souillac,MU,1651280609,-20.5167,57.5167,73.72,78,0,8.88
352,Talnakh,RU,1651280610,69.4865,88.3972,6.21,85,30,4.92
353,Vung Tau,VN,1651280393,10.346,107.0843,80.62,76,100,2.71
354,Sterling,US,1651280417,39.0062,-77.4286,56.28,43,0,0.0
355,Ekibastuz,KZ,1651280610,51.6667,75.3667,62.56,32,100,8.46
356,Callaway,US,1651280361,30.153,-85.5699,73.9,81,100,1.01
357,Nhulunbuy,AU,1651280611,-12.2333,136.7667,86.61,66,40,12.66
358,Iroquois Falls,CA,1651280612,48.7669,-80.6831,33.12,89,1,3.87
359,Kozhva,RU,1651280612,65.1073,57.0459,24.26,89,100,5.91
360,Suez,EG,1651280613,29.9737,32.5263,73.17,57,98,13.02
361,Sabha,LY,1651280613,27.0377,14.4283,73.56,23,0,15.7
362,Smidovich,RU,1651280614,48.6,133.8167,47.21,46,100,14.32
363,Talara,PE,1651280615,-4.5772,-81.2719,67.98,84,16,14.7
364,Gravelbourg,CA,1651280615,49.8834,-106.5512,49.59,69,100,13.27
365,Baracoa,CU,1651280599,20.3467,-74.4958,74.23,81,96,9.24
366,Kangaatsiaq,GL,1651280616,68.3065,-53.4641,18.82,76,100,23.51
367,Kamenka,RU,1651280617,51.3223,42.7678,40.73,96,19,7.23
368,Boa Vista,BR,1651280617,2.8197,-60.6733,78.78,83,75,2.3
369,Balaka,MW,1651280618,-14.9793,34.9558,59.02,88,5,2.04
370,Grindavik,IS,1651280613,63.8424,-22.4338,43.27,93,40,4.61
371,Kalbay,PH,1651280618,5.7233,125.4986,78.42,87,100,2.28
372,Redlands,US,1651280532,34.0556,-117.1825,85.06,38,0,1.01
373,Hasaki,JP,1651280619,35.7333,140.8333,57.29,62,10,24.2
374,Roebourne,AU,1651280620,-20.7833,117.1333,77.38,56,100,14.43
375,Praia da Vitória,PT,1651280620,38.7333,-27.0667,62.76,97,10,13.11
376,Schwedt,DE,1651280621,53.0596,14.2815,52.52,61,100,6.02
377,Udachny,RU,1651280622,66.4167,112.4,34.93,100,100,8.7
378,Bud,US,1651280622,39.447,-86.1758,66.22,57,100,8.39
379,Angoram,PG,1651280623,-4.0625,144.0661,85.14,72,50,3.04
380,Wanning,CN,1651280623,18.8003,110.3967,81.07,81,100,4.12
381,Lyuban',BY,1651280624,52.7985,28.0048,41.22,78,100,4.52
382,Bāneh,IR,1651280624,35.9975,45.8853,48.25,87,75,3.2
383,Bol,TD,1651280625,13.4586,14.7147,83.35,58,98,7.92
384,Saint Paul Harbor,US,1651280387,57.79,-152.4072,41.14,87,100,27.63
385,Kahului,US,1651279936,20.8947,-156.47,86.02,45,40,25.32
386,Krasnosel'kup,RU,1651280625,65.7,82.4667,14.18,86,5,6.51
387,Broken Hill,AU,1651280626,-31.95,141.4333,61.79,60,100,17.34
388,Los Algarrobos,PA,1651280626,8.5,-82.4333,77.41,94,75,8.05
389,Berlevåg,NO,1651280426,70.8578,29.0864,22.8,68,100,25.14
390,Cockburn Town,TC,1651280388,21.4612,-71.1419,75.16,64,40,5.75
391,Iskateley,RU,1651280628,67.6803,53.1512,14.41,89,36,15.52
392,Jinxiang,CN,1651280628,27.4327,120.6062,58.37,87,100,9.35
393,Qasigiannguit,GL,1651280628,68.8193,-51.1922,19.65,84,100,13.29
394,Kaz,RU,1651280629,52.9113,87.3105,54.93,59,100,2.55
395,Mogadishu,SO,1651280629,2.0371,45.3438,82.04,79,66,9.22
396,Belmonte,BR,1651280630,-15.8631,-38.8828,75.27,84,2,4.56
397,Marang,MY,1651280630,5.2056,103.2059,80.51,84,100,2.84
398,San Patricio,US,1651280631,28.017,-97.5169,79.18,80,24,15.79
399,Atambua,ID,1651280363,-9.1061,124.8925,81.55,61,100,0.58
400,Riyadh,SA,1651280478,24.6877,46.7219,74.35,45,1,5.79
401,Tura,IN,1651280442,25.5198,90.2201,71.17,89,94,2.01
402,Excelsior Springs,US,1651280605,39.3392,-94.2261,72.97,69,40,9.22
403,Bilma,NE,1651280632,18.6853,12.9164,86.27,6,41,5.91
404,Asău,RO,1651280633,46.4333,26.4,40.95,100,50,3.96
405,Khromtau,KZ,1651280634,50.2503,58.4347,49.78,60,100,7.72
406,Xining,CN,1651280635,36.6167,101.7667,34.34,86,100,4.43
407,Batagay,RU,1651280635,67.6333,134.6333,24.62,83,61,5.14
408,Vytegra,RU,1651280636,61.0064,36.4481,25.63,92,19,4.38
409,Tarakan,ID,1651280636,3.3,117.6333,76.5,94,100,1.14
410,Kānkānhalli,IN,1651280637,12.55,77.4167,77.65,74,99,4.0
411,Meulaboh,ID,1651280638,4.1363,96.1285,79.09,86,99,2.71
412,São João da Barra,BR,1651280638,-21.6403,-41.0511,73.83,85,3,3.2
413,Cidreira,BR,1651280370,-30.1811,-50.2056,60.49,65,0,5.08
414,Manaure,CO,1651280639,11.7751,-72.4445,83.01,75,100,17.11
415,Kloulklubed,PW,1651280640,7.0419,134.2556,82.27,75,37,8.57
416,Maceió,BR,1651280239,-9.6658,-35.7353,74.64,83,40,4.61
417,Burnie,AU,1651280641,-41.0667,145.9167,58.91,57,6,17.4
418,Sotouboua,TG,1651280641,8.5667,0.9833,73.67,92,100,4.29
419,Vanavara,RU,1651280642,60.34,102.2797,48.96,91,41,8.9
420,Oskaloosa,US,1651280642,41.2964,-92.6444,59.58,92,100,20.13
421,Longyearbyen,SJ,1651280643,78.2186,15.6401,6.64,61,20,6.91
422,Jipijapa,EC,1651280643,-1.3333,-80.5833,71.33,87,100,3.29
423,Katobu,ID,1651280644,-4.9408,122.5276,80.94,84,86,5.28
424,Tomatlán,MX,1651280644,19.9333,-105.25,80.19,45,0,6.96
425,Beidao,CN,1651280645,34.5686,105.8933,47.3,79,100,7.92
426,Gobabis,NA,1651280646,-22.45,18.9667,60.85,63,31,6.93
427,Malakal,SS,1651280647,9.5334,31.6605,87.48,35,7,6.46
428,Matara,LK,1651280647,5.9485,80.5353,80.71,86,97,7.52
429,Kattivākkam,IN,1651280648,13.2167,80.3167,84.29,91,14,13.18
430,Bandarbeyla,SO,1651280391,9.4942,50.8122,82.94,78,74,3.65
431,Necochea,AR,1651280366,-38.5473,-58.7368,45.84,60,17,6.24
432,Okato,NZ,1651280648,-39.2,173.8833,66.18,55,4,15.01
433,Sibu,MY,1651280649,2.3,111.8167,80.37,87,100,1.81
434,Leh,IN,1651280649,34.1667,77.5833,42.01,55,60,3.53
435,Ust-Tsilma,RU,1651280650,65.441,52.1498,18.84,93,78,3.91
436,Scarborough,GB,1651280378,54.2797,-0.4044,42.66,87,7,1.01
437,Cabedelo,BR,1651280651,-6.9811,-34.8339,79.18,78,100,7.2
438,Krasnogorsk,RU,1651280651,55.8225,37.3181,36.05,93,0,8.95
439,Nizwá,OM,1651280652,22.9333,57.5333,82.47,36,10,0.38
440,Chitral,PK,1651280653,35.8462,71.7858,63.07,51,0,5.82
441,Aklavik,CA,1651280654,68.2191,-135.0107,32.14,97,48,8.72
442,Roald,NO,1651280655,62.5833,6.1333,41.32,87,20,4.61
443,Kuusamo,FI,1651280655,65.9667,29.1833,23.04,74,0,4.61
444,Lagoa,PT,1651280656,39.05,-27.9833,61.07,86,0,19.44
445,Kapit,MY,1651280656,2.0167,112.9333,77.94,93,100,1.83
446,Brumunddal,NO,1651280657,60.881,10.9395,37.26,75,38,1.57
447,Emba,KZ,1651280658,48.8264,58.1442,57.2,74,33,9.66
448,Cochrane,CA,1651280450,51.1834,-114.4687,49.75,10,72,8.21
449,Camargo,MX,1651280659,27.6667,-105.1667,86.07,6,0,7.31
450,Chalchihuites,MX,1651280659,23.4833,-103.8833,70.54,14,0,11.25
451,Jieshi,CN,1651280660,22.8134,115.8257,77.95,83,100,19.73
452,Great Bend,US,1651280660,38.3645,-98.7648,66.61,45,5,26.46
453,Sagua la Grande,CU,1651280661,22.8067,-80.0756,72.59,64,0,9.64
454,Kendari,ID,1651280661,-3.945,122.4989,80.29,89,100,1.28
455,Mrakovo,RU,1651280662,52.7161,56.6244,37.58,72,100,5.57
456,Nemuro,JP,1651280662,43.3236,145.575,41.56,56,44,17.63
457,Bubaque,GW,1651280663,11.2833,-15.8333,76.84,72,85,17.31
458,Talcahuano,CL,1651280664,-36.7167,-73.1167,50.32,71,0,8.21
459,Nanortalik,GL,1651280436,60.1432,-45.2371,37.99,87,100,4.43
460,Němčice nad Hanou,CZ,1651280665,49.3418,17.206,45.52,66,11,4.81
461,Sawtell,AU,1651280666,-30.3833,153.1,76.19,69,40,12.66
462,Lithgow,AU,1651280666,-33.4833,150.15,53.98,92,100,11.34
463,Katsuura,JP,1651280428,35.1333,140.3,55.8,61,13,18.99
464,Lucapa,AO,1651280662,-8.4192,20.7447,64.89,94,100,1.41
465,Podolínec,SK,1651280667,49.2587,20.536,44.24,84,13,1.86
466,Vila,PT,1651280667,42.0304,-8.1588,54.7,76,8,3.33
467,Solnechnyy,RU,1651280668,50.7214,136.6319,37.96,57,7,5.35
468,Sāveh,IR,1651280668,35.0213,50.3566,64.94,52,100,8.55
469,Krasnoturansk,RU,1651280669,54.3186,91.5639,54.19,56,99,5.35
470,Padilla,CO,1651280670,3.2204,-76.3139,72.97,91,88,4.27
471,Bairiki Village,KI,1651280671,1.3292,172.9752,86.0,66,20,6.91
472,Masallātah,LY,1651280671,32.6167,14.0,58.23,92,25,9.51
473,Xifeng,CN,1651280672,42.7372,124.7222,49.6,38,6,18.66
474,Acapulco de Juárez,MX,1651280595,16.8634,-99.8901,81.63,68,52,8.66
475,Balabac,PH,1651280672,7.9868,117.0645,83.86,75,100,9.33
476,Broome,US,1651280673,42.2506,-75.833,44.98,33,0,11.5
477,Tuatapere,NZ,1651280673,-46.1333,167.6833,61.54,74,100,5.53
478,Winnemucca,US,1651280674,40.973,-117.7357,62.65,19,0,9.22
479,Zaraza,VE,1651280675,9.3503,-65.3245,84.52,60,87,7.56
480,Lar,IN,1651280675,26.2039,83.9717,84.7,53,5,11.18
481,Ponta Delgada,PT,1651280676,37.7333,-25.6667,67.5,100,75,8.05
482,Narauli,IN,1651280677,28.5,78.7167,87.04,15,0,3.33
483,Juegang,CN,1651280677,32.3174,121.1855,59.99,72,94,7.56
484,Puerto Madryn,AR,1651280678,-42.7692,-65.0385,51.66,44,27,13.47
485,Half Moon Bay,US,1651280427,37.4636,-122.4286,72.54,60,0,16.11
486,Phalodi,IN,1651280678,27.1333,72.3667,82.67,37,0,7.92
487,Lashio,MM,1651280679,22.9333,97.75,77.43,52,27,1.01
488,Sept-Îles,CA,1651280679,50.2001,-66.3821,37.06,73,100,15.99
489,Manche,FR,1651280387,49.0,-1.1667,40.86,91,100,5.59
490,Harper,LR,1651280217,4.375,-7.7169,80.49,83,7,7.27
491,Sinnamary,GF,1651280680,5.3833,-52.95,78.87,83,63,12.12
492,Kachīry,KZ,1651280680,53.0675,76.1036,61.83,40,100,4.47
493,Andenes,NO,1651280592,69.3143,16.1194,31.98,74,100,11.5
494,Mil'kovo,RU,1651280681,54.7167,158.6167,37.53,66,83,1.14
495,Butka,RU,1651280682,56.7179,63.7866,32.4,75,13,3.67
496,Hermon,US,1651280682,44.8101,-68.9134,41.32,74,100,14.97
497,Lagos,NG,1651280084,6.5833,3.75,75.52,87,98,3.29
498,Sittwe,MM,1651280683,20.15,92.9,82.72,79,100,5.97
499,Daru,PG,1651280683,-9.0763,143.2092,83.64,71,58,6.02
500,Bowen,AU,1651280684,-20.0167,148.2333,79.03,72,62,14.43
501,Tūkrah,LY,1651280684,32.5341,20.5791,62.4,70,0,9.64
502,Abéché,TD,1651280685,13.8292,20.8324,85.17,16,98,6.46
503,Mahon,ES,1651280685,39.8885,4.2658,54.16,76,0,8.05
504,Ouadda,CF,1651280686,8.0777,22.4007,69.46,82,100,3.29
505,Øksfjord,NO,1651280688,70.2396,22.3479,28.47,82,100,16.73
506,Batticaloa,LK,1651280689,7.7102,81.6924,80.8,82,49,4.25
507,Krugersdorp,ZA,1651280689,-26.0858,27.7752,55.2,80,83,6.24
508,Pangkalanbuun,ID,1651280690,-2.6833,111.6167,84.34,73,64,1.19
509,Guiren,CN,1651280690,33.6697,118.1889,59.95,65,98,4.23
510,Bolton,GB,1651280400,53.5833,-2.4333,44.8,80,9,2.26
511,San Quintín,MX,1651280691,30.4833,-115.95,61.83,70,0,12.68
512,Marsh Harbour,BS,1651280535,26.5412,-77.0636,73.76,74,100,22.97
513,Dalvik,IS,1651280691,65.9702,-18.5286,44.28,82,58,8.19
514,Aranos,NA,1651280692,-24.1333,19.1167,62.92,58,0,3.69
515,Yerofey Pavlovich,RU,1651280692,53.9667,121.9667,41.0,34,81,4.16
516,Ambilobe,MG,1651280455,-13.2,49.05,71.87,94,100,3.02
517,Camden,US,1651280693,39.7835,-74.9663,58.59,27,1,10.11
518,Staryy Nadym,RU,1651280694,65.6118,72.6842,18.21,84,14,13.27
519,Hua Hin,TH,1651280695,12.5707,99.9588,87.01,65,58,3.67
520,Hervey Bay,AU,1651280458,-25.2986,152.8535,77.02,79,12,4.0
521,Nyagan,RU,1651280696,62.1406,65.3936,26.71,83,5,6.46
522,Vega de Alatorre,MX,1651280696,20.0333,-96.6333,78.39,87,3,11.77
523,Lola,GN,1651280697,7.8,-8.5333,71.6,83,90,2.84
524,Vangaindrano,MG,1651280697,-23.35,47.6,63.68,83,0,4.94
525,Caucaia,BR,1651280544,-3.7361,-38.6531,78.75,76,75,2.3
526,Itoman,JP,1651280698,26.1247,127.6694,74.17,75,75,10.36
527,San Juan de los Morros,VE,1651280698,9.9115,-67.3538,77.34,81,100,1.97
528,Diffa,NE,1651280699,13.3154,12.6113,86.11,38,94,8.25
529,Kirov,RU,1651280503,58.5966,49.6601,29.55,96,19,6.26
530,Hualmay,PE,1651280701,-11.0964,-77.6139,67.6,85,90,7.56
531,Fort Nelson,CA,1651280427,58.8053,-122.7002,34.68,95,100,1.99
532,Mudkhed,IN,1651280701,19.1667,77.5167,87.03,23,5,2.04
533,Manggar,ID,1651280702,-2.8833,108.2667,83.1,74,88,1.07
534,Zhangye,CN,1651280703,38.9342,100.4517,45.14,60,100,2.19
535,Ajdabiya,LY,1651280467,30.7554,20.2263,61.83,90,7,7.2
536,Laredo,US,1651280703,27.5064,-99.5075,91.65,51,0,18.41
537,Tegul'det,RU,1651280704,57.3064,88.1667,58.44,70,96,5.08
538,Santa Cruz de la Sierra,BO,1651280704,-17.8,-63.1667,67.46,88,40,10.36
539,Peleduy,RU,1651280705,59.6289,112.7406,38.23,93,100,8.77
540,Iqaluit,CA,1651280360,63.7506,-68.5145,19.13,58,75,9.22
541,Alpena,US,1651280706,45.0617,-83.4327,43.05,60,0,5.75
542,Vao,NC,1651280707,-22.6667,167.4833,72.9,80,100,24.52
543,Yeniseysk,RU,1651280707,58.4497,92.1703,55.09,83,74,4.41
544,Collierville,US,1651280708,35.042,-89.6645,76.75,46,0,6.91
545,Kalianget,ID,1651280709,-7.05,113.9333,83.08,79,100,8.19
546,Airai,TL,1651280445,-8.9266,125.4092,72.64,51,61,3.42
547,Camacha,PT,1651280710,33.0833,-16.3333,58.42,88,20,11.5
548,Jalu,LY,1651280710,29.0331,21.5482,66.0,56,0,11.27
549,Kota Kinabalu,MY,1651280710,5.9749,116.0724,82.38,74,20,3.44
550,Biscarrosse,FR,1651280711,44.3945,-1.1672,55.35,94,100,4.61
551,Karratha,AU,1651280410,-20.7377,116.8463,76.75,58,100,14.5
552,Burns Lake,CA,1651280712,54.2331,-125.7533,49.28,31,100,7.92
553,El Rosario,MX,1651280545,24.2556,-107.1828,80.83,38,0,9.26
554,Paderborn,DE,1651280713,51.7191,8.7544,45.52,86,75,4.61
555,Mae Sai,TH,1651280461,20.4335,99.8762,81.86,64,67,1.16
